[LEFT_CAM_2K]
fx=1540.16
fy=1540.02
cx=1131.6
cy=619.213
k1=-0.0370735
k2=0.0271298
k3=-0.0167766
k4=0.00802215

[RIGHT_CAM_2K]
fx=1543.69
fy=1544.24
cx=1095.89
cy=613.901
k1=-0.0383353
k2=0.0323354
k3=-0.0234592
k4=0.0105425

[LEFT_CAM_FHD]
fx=1540.16
fy=1540.02
cx=987.6
cy=538.213
k1=-0.0370735
k2=0.0271298
k3=-0.0167766
k4=0.00802215

[RIGHT_CAM_FHD]
fx=1543.69
fy=1544.24
cx=951.89
cy=532.901
k1=-0.0383353
k2=0.0323354
k3=-0.0234592
k4=0.0105425

[LEFT_CAM_HD]
fx=770.08
fy=770.01
cx=652.3
cy=357.6065
k1=-0.0370735
k2=0.0271298
k3=-0.0167766
k4=0.00802215

[RIGHT_CAM_HD]
fx=771.845
fy=772.12
cx=634.445
cy=354.9505
k1=-0.0383353
k2=0.0323354
k3=-0.0234592
k4=0.0105425

[LEFT_CAM_VGA]
fx=385.04
fy=385.005
cx=341.65
cy=186.30325
k1=-0.0370735
k2=0.0271298
k3=-0.0167766
k4=0.00802215

[RIGHT_CAM_VGA]
fx=385.9225
fy=386.06
cx=332.7225
cy=184.97525
k1=-0.0383353
k2=0.0323354
k3=-0.0234592
k4=0.0105425

[STEREO]
Baseline=62.8996
TY=0.169754
TZ=0.579685
CV_2K=0.00983626
CV_FHD=0.00983626
CV_HD=0.00983626
CV_VGA=0.00983626
RX_2K=-0.00683419
RX_FHD=-0.00683419
RX_HD=-0.00683419
RX_VGA=-0.00683419
RZ_2K=-0.00135626
RZ_FHD=-0.00135626
RZ_HD=-0.00135626
RZ_VGA=-0.00135626

[MISC]
Sensor_ID=0
