[LEFT_CAM_2K]
fx=1069.13
fy=1069.93
cx=1123.71
cy=627.628
k1=-0.066092
k2=0.0471881
p1=-0.000317894
p2=9.22905e-05
k3=-0.0194158

[RIGHT_CAM_2K]
fx=1065.42
fy=1066.26
cx=1052.01
cy=591.321
k1=-0.0673538
k2=0.0501755
p1=-0.000243164
p2=-0.000260075
k3=-0.0210479

[LEFT_CAM_FHD]
fx=1069.13
fy=1069.93
cx=979.71
cy=546.628
k1=-0.066092
k2=0.0471881
p1=-0.000317894
p2=9.22905e-05
k3=-0.0194158

[RIGHT_CAM_FHD]
fx=1065.42
fy=1066.26
cx=908.01
cy=510.321
k1=-0.0673538
k2=0.0501755
p1=-0.000243164
p2=-0.000260075
k3=-0.0210479

[LEFT_CAM_HD]
fx=534.565
fy=534.965
cx=648.355
cy=361.814
k1=-0.066092
k2=0.0471881
p1=-0.000317894
p2=9.22905e-05
k3=-0.0194158

[RIGHT_CAM_HD]
fx=532.71
fy=533.13
cx=612.505
cy=343.6605
k1=-0.0673538
k2=0.0501755
p1=-0.000243164
p2=-0.000260075
k3=-0.0210479

[LEFT_CAM_VGA]
fx=267.2825
fy=267.4825
cx=339.6775
cy=188.407
k1=-0.066092
k2=0.0471881
p1=-0.000317894
p2=9.22905e-05
k3=-0.0194158

[RIGHT_CAM_VGA]
fx=266.355
fy=266.565
cx=321.7525
cy=179.33025
k1=-0.0673538
k2=0.0501755
p1=-0.000243164
p2=-0.000260075
k3=-0.0210479

[LEFT_DISTO]
k1=-0.666383
k2=2.39535
k3=0.120821
k4=-0.559718
k5=2.25048
k6=0.287876
p1=-9.21776e-05
p2=0.000116483

[RIGHT_DISTO]
k1=-1.5564
k2=3.02604
k3=0.0925453
k4=-1.46537
k5=2.86549
k6=0.275321
p1=-0.0001025
p2=-0.000201792

[STEREO]
Baseline=120.145
TY=-0.267235
TZ=0.575713
CV_2K=0.00194522
CV_FHD=0.00194522
CV_HD=0.00194522
CV_VGA=0.00194522
RX_2K=0.00250046
RX_FHD=0.00250046
RX_HD=0.00250046
RX_VGA=0.00250046
RZ_2K=0.000383792
RZ_FHD=0.000383792
RZ_HD=0.000383792
RZ_VGA=0.000383792

[MISC]
Sensor_ID=0
