[LEFT_CAM_2K]
fx=1064.68
fy=1064.79
cx=1120.74
cy=642.77
k1=-0.0620016
k2=0.0394386
p1=-0.00031334
p2=-3.81452e-05
k3=-0.0158518

[RIGHT_CAM_2K]
fx=1065.75
fy=1066.32
cx=1085.61
cy=653.438
k1=-0.0660504
k2=0.0469883
p1=-0.000153221
p2=-0.000177656
k3=-0.0193646

[LEFT_CAM_FHD]
fx=1064.68
fy=1064.79
cx=976.74
cy=561.77
k1=-0.0620016
k2=0.0394386
p1=-0.00031334
p2=-3.81452e-05
k3=-0.0158518

[RIGHT_CAM_FHD]
fx=1065.75
fy=1066.32
cx=941.61
cy=572.438
k1=-0.0660504
k2=0.0469883
p1=-0.000153221
p2=-0.000177656
k3=-0.0193646

[LEFT_CAM_HD]
fx=532.34
fy=532.395
cx=646.87
cy=369.385
k1=-0.0620016
k2=0.0394386
p1=-0.00031334
p2=-3.81452e-05
k3=-0.0158518

[RIGHT_CAM_HD]
fx=532.875
fy=533.16
cx=629.305
cy=374.719
k1=-0.0660504
k2=0.0469883
p1=-0.000153221
p2=-0.000177656
k3=-0.0193646

[LEFT_CAM_VGA]
fx=266.17
fy=266.1975
cx=338.935
cy=192.1925
k1=-0.0620016
k2=0.0394386
p1=-0.00031334
p2=-3.81452e-05
k3=-0.0158518

[RIGHT_CAM_VGA]
fx=266.4375
fy=266.58
cx=330.1525
cy=194.8595
k1=-0.0660504
k2=0.0469883
p1=-0.000153221
p2=-0.000177656
k3=-0.0193646

[LEFT_DISTO]
k1=-1.54028
k2=2.86667
k3=0.0777162
k4=-1.45047
k5=2.71149
k6=0.249965
p1=-0.000181056
p2=1.51677e-05

[RIGHT_DISTO]
k1=-1.78085
k2=3.51085
k3=-0.0369108
k4=-1.69486
k5=3.35789
k6=0.148581
p1=-5.31888e-05
p2=-0.00040856

[STEREO]
Baseline=120.042
TY=-0.302514
TZ=0.475448
CV_2K=0.00524416
CV_FHD=0.00524416
CV_HD=0.00524416
CV_VGA=0.00524416
RX_2K=0.00472131
RX_FHD=0.00472131
RX_HD=0.00472131
RX_VGA=0.00472131
RZ_2K=0.00173782
RZ_FHD=0.00173782
RZ_HD=0.00173782
RZ_VGA=0.00173782

[MISC]
Sensor_ID=0
